6 1 3 0 1 1 3 1 0 3 6 2 6 0 6 1 0 1 7 4 2 0 2 0 0 0 2 1 2 1 7 0 3 3 9 3 2 1 7 3 
8 1 3 0 1 1 1 1 0 3 6 2 6 0 6 1 0 1 7 4 2 0 2 0 0 2 8 0 2 1 6 0 3 3 9 3 2 1 0 5 
8 0 8 0 1 1 3 0 3 1 2 3 8 1 6 3 6 3 1 3 2 0 2 0 0 0 2 1 2 1 7 0 3 3 3 0 3 1 4 1 
8 1 3 0 1 1 3 1 0 3 6 2 6 0 6 1 0 3 1 3 1 0 2 1 7 1 1 1 2 0 3 0 3 4 9 2 2 5 0 5 
8 1 3 0 1 1 3 1 0 3 6 2 6 0 6 1 0 3 1 3 2 1 0 0 2 1 1 1 8 0 0 0 7 0 3 0 3 1 7 5 
6 1 3 0 1 1 1 1 0 3 4 2 6 0 6 1 0 3 1 3 1 0 2 1 7 1 1 2 2 0 3 0 3 3 9 3 2 1 7 3 
8 1 3 0 1 1 0 1 0 3 6 2 6 0 6 1 0 1 7 4 2 0 2 0 0 0 2 0 2 1 7 0 3 3 9 3 2 1 0 5 
8 1 3 0 1 1 3 0 3 1 2 3 8 1 6 3 6 3 1 3 1 0 0 0 0 0 2 1 2 0 3 0 3 4 9 3 2 3 0 5 
8 0 3 0 1 1 3 0 0 1 2 3 8 1 6 3 6 3 1 3 1 0 0 0 0 0 2 1 2 1 7 0 10 3 3 0 3 1 4 1 
6 1 3 0 1 1 3 1 0 3 4 2 6 0 6 1 0 1 7 4 2 1 2 1 7 1 2 1 2 0 3 0 3 3 9 3 2 1 7 3 
